377
00001****
*00001***
**00001**
***00001*
****00001
1****0000
01****000
001****00
0001****0
000000000
000100011
000100101
000100111
000101001
000101011
000101101
000101111
000110001
000110011
000110101
000110111
000111001
000111011
000111101
000111111
001000101
001000110
001000111
001001001
001001010
001001011
001001101
001001110
001001111
001010001
001010010
001010011
001010101
001010110
001010111
001011001
001011010
001011011
001011101
001011110
001011111
001100010
001100011
001100101
001100110
001100111
001101001
001101010
001101011
001101101
001101110
001101111
001110001
001110010
001110011
001110101
001110110
001110111
001111001
001111010
001111011
001111101
001111110
001111111
010001001
010001010
010001011
010001100
010001101
010001110
010001111
010010001
010010010
010010011
010010100
010010101
010010110
010010111
010011001
010011010
010011011
010011100
010011101
010011110
010011111
010100010
010100011
010100100
010100101
010100110
010100111
010101001
010101010
010101011
010101100
010101101
010101110
010101111
010110001
010110010
010110011
010110100
010110101
010110110
010110111
010111001
010111010
010111011
010111100
010111101
010111110
010111111
011000100
011000101
011000110
011000111
011001001
011001010
011001011
011001100
011001101
011001110
011001111
011010001
011010010
011010011
011010100
011010101
011010110
011010111
011011001
011011010
011011011
011011100
011011101
011011110
011011111
011100010
011100011
011100100
011100101
011100110
011100111
011101001
011101010
011101011
011101100
011101101
011101110
011101111
011110001
011110010
011110011
011110100
011110101
011110110
011110111
011111001
011111010
011111011
011111100
011111101
011111110
011111111
100010001
100010010
100010011
100010100
100010101
100010110
100010111
100011000
100011001
100011010
100011011
100011100
100011101
100011110
100011111
100100010
100100011
100100100
100100101
100100110
100100111
100101000
100101001
100101010
100101011
100101100
100101101
100101110
100101111
100110001
100110010
100110011
100110100
100110101
100110110
100110111
100111000
100111001
100111010
100111011
100111100
100111101
100111110
100111111
101000100
101000101
101000110
101000111
101001000
101001001
101001010
101001011
101001100
101001101
101001110
101001111
101010001
101010010
101010011
101010100
101010101
101010110
101010111
101011000
101011001
101011010
101011011
101011100
101011101
101011110
101011111
101100010
101100011
101100100
101100101
101100110
101100111
101101000
101101001
101101010
101101011
101101100
101101101
101101110
101101111
101110001
101110010
101110011
101110100
101110101
101110110
101110111
101111000
101111001
101111010
101111011
101111100
101111101
101111110
101111111
110001000
110001001
110001010
110001011
110001100
110001101
110001110
110001111
110010001
110010010
110010011
110010100
110010101
110010110
110010111
110011000
110011001
110011010
110011011
110011100
110011101
110011110
110011111
110100010
110100011
110100100
110100101
110100110
110100111
110101000
110101001
110101010
110101011
110101100
110101101
110101110
110101111
110110001
110110010
110110011
110110100
110110101
110110110
110110111
110111000
110111001
110111010
110111011
110111100
110111101
110111110
110111111
111000100
111000101
111000110
111000111
111001000
111001001
111001010
111001011
111001100
111001101
111001110
111001111
111010001
111010010
111010011
111010100
111010101
111010110
111010111
111011000
111011001
111011010
111011011
111011100
111011101
111011110
111011111
111100010
111100011
111100100
111100101
111100110
111100111
111101000
111101001
111101010
111101011
111101100
111101101
111101110
111101111
111110001
111110010
111110011
111110100
111110101
111110110
111110111
111111000
111111001
111111010
111111011
111111100
111111101
111111110
111111111
