79
0001***
*0001**
**0001*
***0001
1***000
01***00
001***0
0000000
0010011
0010101
0010111
0011001
0011011
0011101
0011111
0100101
0100110
0100111
0101001
0101010
0101011
0101101
0101110
0101111
0110010
0110011
0110101
0110110
0110111
0111001
0111010
0111011
0111101
0111110
0111111
1001001
1001010
1001011
1001100
1001101
1001110
1001111
1010010
1010011
1010100
1010101
1010110
1010111
1011001
1011010
1011011
1011100
1011101
1011110
1011111
1100100
1100101
1100110
1100111
1101001
1101010
1101011
1101100
1101101
1101110
1101111
1110010
1110011
1110100
1110101
1110110
1110111
1111001
1111010
1111011
1111100
1111101
1111110
1111111
